Y,U
0.0,-1.175285996487178
0.0,-0.6175606869894057
0.6175785962666807,0.004231935405343228
0.6239460594582787,0.6200723759721897
1.0143317809181718,1.1784994486734461
1.7699682435497512,1.6163516264390316
2.399190541482684,1.9011131197047144
2.4764908845715254,1.9988164534913866
1.9923467958837187,1.9010421135321152
1.1244156150125395,1.620276099517548
0.10864664565650894,1.1727521592995835
-0.7335603842504068,0.6220232950630449
-1.0800881086028595,0.002121997279272655
-0.3559001566608268,-0.6160188670619748
1.7894889173989035,-1.1718612745269772
4.189348954016689,-1.6173991693372036
5.459019231129993,-1.9036605572703744
6.003726866978071,-1.99467312130751
5.692080601883102,-1.8987567223628001
4.629639101839792,-1.619528448400389
3.1854362206001117,-1.177348629647506
1.8749294557254257,-0.6181474997507778
1.0198187991513736,0.0011913573648982285
0.719800411574247,0.6198050127262805
1.0353716589988635,1.1761128010768658
1.7795889580238022,1.6174658407907623
2.4048204776507207,1.9028585748678708
2.4763209585640737,1.9993001469057847
2.0070792390092778,1.90503686990718
1.106146822628201,1.615964513459746
0.11319081194950664,1.1740094814770063
-0.739770705792361,0.616329789686633
-1.078998994723232,0.00495213879581446
-0.3561594502661475,-0.6173597907634204
1.8002225323223255,-1.1759306345741811
4.201529150612325,-1.6198792214932385
5.453069778309462,-1.9017365695978214
6.01783366766959,-1.998598053299137
5.703922083142645,-1.9010160657329773
4.628062564921399,-1.6185425251381491
3.183357454165894,-1.1768302033452216
1.8757540630836742,-0.6190684321692421
1.0207345475485394,-0.00016668820395935205
0.7182314400187426,0.6173103571214931
1.0398700203219233,1.1771381139688626
1.7687235134271946,1.614185474320036
2.4085564156502848,1.903009570275919
2.483143343809597,2.001103106167854
1.9850148670081333,1.8998364620220147
1.1301951204834653,1.6216409658722069
0.11879528181796606,1.177293103643541
-0.737155545804808,0.619018589895841
-1.0797551594982782,-0.002897227355347494
-0.3501209170605648,-0.6164080625164161
1.785881020469262,-1.1686197292682263
4.183550539456803,-1.6166183650814725
5.466583985086409,-1.9057126098376005
6.0211941427715026,-1.9986468836093287
5.7143938897809115,-1.9037971712854556
4.622199172206216,-1.616045073371878
3.1857772963670237,-1.1787160057730934
1.874818243420017,-0.6169774400739148
1.0186713606578528,-0.004851460415267153
0.7290571644201265,0.6225527578998153
1.0357205548005757,1.1764096063288438
1.787027202283588,1.6198369018115109
2.3990230432935435,1.9019394751540124
2.4834000739269673,2.0007478945735424
1.9937501997184048,1.9020453793540042
1.122752140833703,1.620081407198628
0.11971288422470727,1.1774816873298999
-0.7365069177445731,0.6193547503910648
-1.0796166665495066,-0.0001565471996574013
-0.3503458022683548,-0.61835110168314
1.8026324318931757,-1.1749978373008338
4.199865896345802,-1.6196488114510421
5.46516635113486,-1.904935129185995
6.0253499764797676,-1.9998594552705362
5.707095263420029,-1.9016120244267005
4.610972247633888,-1.6131228996422702
3.1704174670081953,-1.1730394289947097
1.8713686885876522,-0.6175636808405102
1.019259496088963,-0.0032718662169762534
0.7206571370492149,0.6169676453924158
1.0385924844124574,1.1761809826170266
1.7712199635149075,1.6147289558969922
2.403331198742168,1.901771448527162
2.4706674831655384,1.9975899076385364
1.996666713612664,1.9017497304403546
1.117115021455216,1.6182684521362964
0.11565306617859883,1.1753392320030542
-0.7332566662465294,0.6217496381620855
-1.0795922126522501,0.0009404347191979341
-0.3499819306207077,-0.6195146076808411
1.8091765891187797,-1.1771894088301287
4.199436922567234,-1.6188276531997683
5.458785075174356,-1.9034649312668186
6.020834293012604,-1.9990022161137078
5.719046360867915,-1.9049209523995563
4.62828777616175,-1.6176579604767842
3.178915282992711,-1.1753254682207952
1.871763631091489,-0.6167050089373262
1.0184009786260069,0.003529431648718639
0.7180076087611719,0.6204437065174356
1.0293691024016418,1.174029384958914
1.7822324233271885,1.6179553550211214
2.398482126036157,1.9013142324500971
2.491293884526725,2.0025549726920016
1.9896188338949758,1.9015797828929666
1.1184139345785,1.618571697717996
0.11687112419819146,1.175904413815055
-0.7361700987478422,0.61940645738322
-1.0794174105651968,-0.0004629147316085138
-0.3503990120324824,-0.617924546471709
1.80910300865676,-1.1779431449834354
4.199724530115182,-1.6186837988687426
5.451911518978099,-1.901703231374612
6.025400163139012,-2.000481021781279
5.703311324614985,-1.9004539322633869
4.610767458645166,-1.613354836190521
3.1809031627407354,-1.1773948325332542
1.874697649825392,-0.6175632211271702
1.0192358833176056,-0.0013168051405872223
0.7241535530831538,0.621373207577237
1.0345209813473293,1.1759369412874876
1.7747440374321473,1.615957753557689
2.3968284546249894,1.9003740168909924
2.4745716572642507,1.9981139360914462
1.999058071982354,1.9025869147025254
1.1141023769046627,1.6176120698066625
0.11241416856150144,1.1738717973135402
-0.7382086920145723,0.6177740116683387
-1.0793019976821168,0.0012292516192792633
-0.3519139819322824,-0.6179893001257233
1.791049621119175,-1.1706288764086217
4.1950080935274725,-1.6195241657990374
5.463107762576779,-1.9043114806036612
6.017519458152691,-1.9980259475330342
5.709975541353306,-1.902754005002095
4.630197947591395,-1.6187665067884063
3.1798035759663015,-1.1752975444616462
1.8690165773839769,-0.6145672405776746
1.0162616838963687,-0.0005439976752563096
0.715875049590245,0.6157255242428443
1.0437400844884521,1.178369730064767
1.7825444293405768,1.6186404813921191
2.402847121236766,1.9026410392692734
2.484176091674626,2.001177849600884
1.9869920012780096,1.9003953751400393
1.1144529654551911,1.6169649608005106
0.11941176186497726,1.1765514141170486
-0.7369883128982836,0.618325752547321
-1.0789368481885135,0.003052866419547406
-0.35290951660173986,-0.6184104280561491
1.795667493534328,-1.1726836192458665
4.1909522134446755,-1.6176252465118526
5.454474696479297,-1.9024455104881552
6.030472256214865,-2.001601438355094
5.718574534665805,-1.9042338183990362
4.636377639126552,-1.6203607205315214
3.1818071904628,-1.1756841842049122
1.8718913965129818,-0.6167473134192568
1.0184396027321383,0.003049290238261701
0.7189011060384929,0.6207713077224492
1.0366355394542843,1.1771600995769649
1.7849924658871241,1.6193925492001213
2.3949948680836375,1.9007681812848878
2.4860438391145205,2.0010521841254523
2.0097918862701443,1.9063859599532587
1.1269322463580609,1.6228178977156396
0.12019336497941224,1.1785874688991755
-0.7402486792746588,0.6170445999519678
-1.080093810116181,0.0009589355228047538
-0.3571508581630666,-0.6140604876828125
1.7930577028137447,-1.1745485699548224
4.203492128191732,-1.6209276956006229
5.442956921630254,-1.898846735204551
6.011976538544392,-1.9977030002790015
5.716426369000194,-1.9044643336142595
4.625835669188946,-1.616997411498195
3.178758979908762,-1.1754554812344902
1.8759638361437774,-0.6199838391042047
1.021659043561688,0.003177662998329356
0.714052644137072,0.616503999787023
1.0336103508845262,1.1745984082976368
1.7751283299710001,1.6157104055985165
2.4103422017209777,1.9038601943019522
2.4702113529991507,1.9981108570637085
1.9914780378511385,1.9005138494488178
1.120961321568757,1.6190410897121488
0.11716949882013639,1.1760709325664116
-0.7398651592650921,0.6164403604899029
-1.079198225333549,-0.002507511891608182
-0.3483648611027756,-0.6177667594327001
1.80807073883234,-1.177036351529119
4.200483325819927,-1.6191999599799536
5.45982615104032,-1.9036655697993061
6.028675518021764,-2.000928013818189
5.705857669232042,-1.9010467045015325
4.618041758999806,-1.615466904681538
3.1795777979305124,-1.1761856308013812
1.8752694825382346,-0.6188987069649218
1.0205693118378845,0.0015088240680072196
0.7166032784395537,0.6173719538567461
1.0450913335305425,1.1795602540298795
1.7836720581821564,1.6192865890829162
2.3896876598575956,1.899346948239689
2.4819998468100026,1.9996027021578142
1.9805219217201582,1.8982374630668883
1.131411508128327,1.6214958999549614
0.11141622675421647,1.1740182228426361
-0.7380781839740856,0.6183704114297554
-1.0797967009292826,-0.002443002087144159
-0.34884935331264627,-0.6178346598852625
1.8001313602344942,-1.173757858583256
4.193953265930474,-1.6182108037457321
5.458142360006862,-1.9033271399343157
6.031048517971272,-2.001580199963989
5.71779635137435,-1.9040421613032874
4.631408933334738,-1.618873033000647
3.1755004381115626,-1.1734618135703831
1.8682300749530178,-0.6150780393415534
1.0167837049383157,0.0029458982322413036
0.7149376896657672,0.6177209720048555
1.0416629985643664,1.1784392379292699
1.7733341486137955,1.6159222572641843
2.416301648624013,1.9054853925714146
2.475772913295002,2.0000046070942323
1.9814983202629395,1.8984865140747402
1.1304195168154854,1.6212726111764373
0.12134946932950119,1.1782072660779968
-0.7367711471408931,0.6191216755402429
-1.0795795149848573,-0.0009236591381870026
-0.3489558760229285,-0.618829232428048
1.8055196696499753,-1.1756560998519918
4.198990142831701,-1.6191696425613094
5.443543421135576,-1.899356336976256
6.025031039383844,-2.0008492194417684
5.708498806196371,-1.9017168703315468
4.623208233856181,-1.6169021527211538
3.1882296556007135,-1.1794272094505323
1.8732916181627055,-0.61535653301615
1.0170363866213818,0.0016543306387605346
0.7159396951652869,0.6174508001992517
1.0356501784344991,1.175658824922597
1.7891825968233974,1.6202740946389378
2.394720062654142,1.9009179794919286
2.487162279747427,2.001364721864619
2.0013948999826856,1.9042849892766047
1.099904725800727,1.6137596660539417
0.11985060462175667,1.1763084723171386
-0.7390167988235667,0.616323016926106
-1.0784547294814655,8.006654452121714e-05
-0.35562365718986916,-0.6134645087129843
1.7870829141171356,-1.1718511862492966
4.185573273658434,-1.6162411372812266
5.4597356999904525,-1.904062484294494
6.017470254498386,-1.9980253531864336
5.7057535143073075,-1.9016437748392279
4.627943342475824,-1.6183424214104445
3.182255010717137,-1.1764426606877576
1.8725762373333623,-0.6167231691997798
1.0184040411057331,-0.0008472661937849852
0.7194240812855198,0.6180530995165858
1.0420432660706012,1.1782440642681358
1.780806672476576,1.6181527128156377
2.40951739902897,1.904269514475779
2.4738767682470004,1.99911698360628
1.9837906216820593,1.898821874016619
1.1171751402302874,1.6173004206550183
0.11665499519006928,1.1753498594681655
-0.7369294258799045,0.6184252630035622
-1.0789999296961255,-0.0013763873319443058
-0.3526850193909444,-0.6150445537257258
1.7989884319855514,-1.1754719294162026
4.201395284801963,-1.6199821170300308
5.453644495185541,-1.9018574187086361
6.016921000527317,-1.9983481257425857
5.705168723827194,-1.901398309701728
4.622774075086149,-1.616810662308024
3.1784185137161063,-1.175284510848438
1.8769210378422865,-0.6208661759077908
1.0225307030625645,0.001994227509651683
0.7143596814718877,0.6156701341667759
1.0412214055787412,1.1774455812476692
1.777921561686235,1.617056813948448
2.3981665644503085,1.9010062754767674
2.475455526659376,1.9985144763897924
1.9892335918742499,1.9001247863834014
1.1235924923427358,1.6197191211901678
0.11777963465627317,1.176454105076312
-0.7412446432619373,0.6154040559079288
-1.079179631984649,0.004173408580709939
-0.3546468093119039,-0.6180769275329505
1.8024799389245951,-1.176185511361238
4.189883480790177,-1.6161971308853935
5.4469749142208865,-1.9008234863074747
6.021956961884555,-1.9997658498510893
5.706172624016238,-1.9013519948489837
4.63154684993868,-1.6195524613299095
3.178607380230363,-1.1745004459062274
1.870448473926588,-0.6162830479952307
1.0179722538815004,-0.0006804674761078015
0.7202993189721114,0.6189563470033591
1.0318255464310457,1.1741876379999956
1.7843557876265461,1.6185305167622142
2.398704296007673,1.9015185983409373
2.480323388830703,1.9998685878290712
1.9984582136863487,1.9029952360348958
1.1196681731861888,1.619453593471305
0.11777276801432501,1.1765837561954202
-0.7354071935513736,0.6202357666292442
-1.0796790047834655,0.0002193202697250138
-0.35839474501436325,-0.6121580655009887
1.7896590464489353,-1.174241338595052
4.192071137459978,-1.617504481289214
5.454845744175667,-1.902601536473574
6.0309638215832635,-2.0016908263200883
5.707651302399524,-1.9013460757338425
4.633997051715751,-1.6203352533629718
3.1876925013503437,-1.1781136356810107
1.8791800796262086,-0.6211385109956001
1.0227926271350212,0.002202647676662482
0.7114685126184033,0.6134505772375468
1.0350491358631064,1.1741999635075488
1.7972149905560235,1.6223327962662155
2.400821412198348,1.9030463965311644
2.4760555773735096,1.9992170277812502
1.9919226768082325,1.9010279860930703
1.1228540474989357,1.619787062813548
0.12176459607753887,1.1782213401442312
-0.7388478624337207,0.6172996942344183
-1.0793053789518032,0.0003494453930384648
-0.3548576698688803,-0.6148903378329571
1.796534569530942,-1.1750679442687686
4.194204383369609,-1.6178914711857129
5.446047736128305,-1.9002372904944391
6.030302046704106,-2.0019837187864127
5.706178914625403,-1.900873625500698
4.6281521710913065,-1.6186519718900527
3.179600831855026,-1.175189565119433
1.8727295834019722,-0.6176520305955688
1.0193377051915116,0.0024829958589652388
0.7190214785278796,0.6202859545479631
1.032114773167463,1.1750184641833563
1.7745250277996614,1.615732571146019
2.398634031115341,1.9007904097307546
2.47614660653739,1.99864077420242
1.9854637654204588,1.899178387234286
1.1209725411355986,1.618594356900115
0.12231951685636777,1.1780681095649705
-0.7395364186242708,0.6164114767066929
-1.078930487128823,0.00021766953729678834
-0.347500791163504,-0.6204833852696189
1.8045488869283952,-1.1741553849878215
4.194997448277224,-1.6184017526311893
5.453491491547381,-1.9020797535483578
6.033259643046631,-2.0023741750594133
5.727443728032082,-1.9063928569353843
4.632479555784756,-1.6186378599864037
3.1798097894447452,-1.1754334263931814
1.876038684759825,-0.6201449241217885
1.0218104997132642,0.000905621838133874
0.7143454375498638,0.6148753288743273
1.0371924498126108,1.1753969840963443
1.7751149845367602,1.6157652454839408
2.413688725559514,1.9047533035460213
2.472973571230643,1.99907928611709
2.0006722384922093,1.903235670921089
1.1188285627781487,1.6192834596010004
0.11625263674178288,1.1759179955115528
-0.7372966410325033,0.6187371691923497
-1.0795851131121612,-0.0014518598714078467
-0.34713364573653754,-0.6198776991230357
1.8081967538781119,-1.1758686482892737
4.1911280816327885,-1.6166694984092305
5.453998434535898,-1.902575733130578
6.0238975592526804,-1.999918688705925
5.699597738392676,-1.8996060480097627
4.623943597524548,-1.6176329542355234
3.1742225714287793,-1.1731880849585068
1.8676891753943283,-0.6147591539891657
1.0164673338872554,-0.0030483665389060585
0.722719528773839,0.619210845918624
1.0292126821597756,1.1729147518748957
1.7800275687242877,1.6169374910197294
2.404194634419657,1.9025541131974457
2.47979535107142,2.000082760587617
2.006051589671439,1.905035873108033
1.1161979215014803,1.6190639671195235
0.11626751687698089,1.1759967677107979
-0.7391816105180476,0.6172703184978051
-1.0795245643287972,0.0005651562209755399
-0.35027236207997187,-0.6189310804048986
1.8082689300092116,-1.177128237530475
4.1821627011553595,-1.6135039188670846
5.447449494722543,-1.9014715101201467
6.031072940037226,-2.0018891142410102
5.71120623960505,-1.9022299210931528
4.617798021851404,-1.6151147550547607
